((("energy" .
   [3 0 0 0 0 0])
  ("curr_weight" .
   [1 0 0 0 1 0 0 0 0 0 0])
  ("toys" .
   [5 0 0 0])
  ("of" .
   [1 0])
  ("dfs" .
   [2 0 0])
  ("tmp" .
   [4 0 0])
  ("second" .
   [2 0 0 0 0 0])
  ("make_pair" .
   [1 0 0 0 0 0 0 0 0])
  ("n" .
   [2])
  ("src" .
   [2 0 0])
  ("queue" .
   [1 0 0 0 0])
  ("bfs" .
   [1 0 0])
  ("best" .
   [6 0 0 0])
  ("mem" .
   [3 0 0])
  ("define" .
   [2 0 0 0 0 0])
  ("MAXN" .
   [5 0 0 0])
  ("visited" .
   [13 0 0 0 0 0 0])
  ("set" .
   [1 0 0])
  ("in" .
   [11 0])
  ("map" .
   [2 0 0])
  ("clear" .
   [1 0 0 0 0])
  ("v" .
   [3])
  ("i" .
   [5])
  ("push_back" .
   [2 0 0 0 0 0 0 0 0])
  ("f" .
   [1])
  ("u" .
   [1])
  ("endl" .
   [1 0 0 0])
  ("cout" .
   [1 0 0 0])
  ("printArena" .
   [2 0 0 0 0 0 0 0 0 0])
  ("moves" .
   [2 0 0 0 0])
  ("cin" .
   [2 0 0])
  ("foo" .
   [1 0 0])
  ("puts" .
   [1 0 0 0])
  ("printf" .
   [7 0 0 0 0 0])
  ("dy" .
   [1 0])
  ("dx" .
   [1 0])
  ("rotate" .
   [2 0 0 0 0 0])
  ("result" .
   [14 0 0 0 0 0])
  ("findOrIndex" .
   [1 0 0 0 0 0 0 0 0 0 0])
  ("d" .
   [1])
  ("orIndex" .
   [21 0 0 0 0 0 0])
  ("dir" .
   [2 0 0])
  ("deltaY" .
   [1 0 0 0 0 0])
  ("deltaX" .
   [1 0 0 0 0 0])
  ("arena" .
   [13 0 0 0 0])
  ("scanf" .
   [12 0 0 0 0])
  ("main" .
   [3 0 0 0])
  ("mysql" .
   [1 0 0 0 0])
  ("run" .
   [1 0 0])
  ("/>" .
   [1 0])
  ("<br" .
   [1 0 0])
  ("entries" .
   [1 0 0 0 0 0 0])
  ("require" .
   [2 0 0 0 0 0 0])
  ("class" .
   [2 0 0 0 0])
  ("User" .
   [1 0 0 0])
  ("Base" .
   [1 0 0 0])
  ("Accounts" .
   [1 0 0 0 0 0 0 0])
  ("user" .
   [12 0 0 0])
  ("default" .
   [0 0 0 0 0 0 3])
  ("end" .
   [6 0 0])
  ("def" .
   [0 0 4])
  ("service" .
   [5 0 0 1 0 0 0])
  ("credentials" .
   [2 0 0 0 0 1 0 0 0 0 0])
  ("accounts" .
   [2 0 0 0 0 0 0 0])
  ("params" .
   [2 0 0 0 0 0])
  ("id" .
   [1 0])
  ("unlink" .
   [1 0 0 0 0 0])
  ("twitter" .
   [1 0 0 0 0 0 0])
  ("has_twitter_token?" .
   [0 0 0 0 0 0 0 2 0 0 0 0 0 0 0 0 0 0])
  ("facebook" .
   [1 0 0 0 0 0 0 0])
  ("has_facebook_token?" .
   [0 0 0 0 0 1 1 0 0 0 0 0 0 0 0 0 0 0 0])
  ("google_plus" .
   [0 0 0 0 0 0 0 1 1 0 0])
  ("password" .
   [0 0 0 0 1 0 0 0])
  ("password_set?" .
   [0 0 0 0 0 1 0 0 0 0 0 0 0])
  ("each" .
   [1 0 0 0])
  ("don" .
   [0 0 1])
  ("s" .
   [1])
  ("if" .
   [4 0])
  ("can_unlink?" .
   [1 0 0 0 0 0 0 0 0 0 0])
  ("return" .
   [1 0 0 0 0 0])
  ("false" .
   [1 0 0 0 0])
  ("unless" .
   [1 0 0 0 0 0])
  ("private" .
   [1 0 0 0 0 0 0])
  ("unlink_facebook" .
   [1 0 0 0 0 0 0 0 0 0 0 0 0 0 0])
  ("unlink_twitter" .
   [1 0 0 0 0 0 0 0 0 0 0 0 0 0])
  ("has_google_plus?" .
   [0 0 0 1 0 0 0 0 0 0 0 0 0 0 0 0])
  ("text" .
   [9 0 0 0])
  ("size" .
   [9 0 0 0])
  ("res" .
   [22 0 0])
  ("string" .
   [11 0 0 0 0 0])
  ("find" .
   [2 0 0 0])
  ("index" .
   [5 0 0 0 0])
  ("str" .
   [1 0 0])
  ("replace" .
   [1 0 0 0 0 0 0])
  ("vector" .
   [2 0 0 0 0 0])
  ("countNodes" .
   [2 0 0 0 0 0 1 0 0 0])
  ("node" .
   [8 0 0 0])
  ("push" .
   [1 0 0 0])
  ("key" .
   [4 0 0])
  ("code" .
   [8 0 0 0])
  ("last" .
   [3 0 0 0])
  ("r" .
   [1])
  ("real" .
   [8 0 0 0])
  ("atoi" .
   [1 0 0 0])
  ("c_str" .
   [1 0 0 0 0])
  ("tramp" .
   [1 0 0 0 0])
  ("judge" .
   [1 0 0 0 0])))
